      MU_R = 9.118800D+01
      MDL_LAMBDA = 1.000000D+03
      MDL_CPDC = 7.573950D-01
      MDL_CPWB = 6.461460D-01
      MDL_CDP = 2.509460D-01
      MDL_CP = 1.351650D-01
      MDL_CWWW = 4.571050D-01
      MDL_CG = 3.734650D-01
      MDL_CPG = 5.888800D-02
      MDL_CPW = 1.511300D-01
      MDL_CPBB = 4.594190D-01
      MDL_CPL1 = 5.717830D-01
      MDL_CPL2 = 7.403700D-01
      MDL_CPL3 = 3.627500D-01
      MDL_C3PL1 = 7.167140D-01
      MDL_C3PL2 = 4.828770D-01
      MDL_C3PL3 = 6.702700D-02
      MDL_CPE = 5.026510D-01
      MDL_CPMU = 2.890170D-01
      MDL_CPTA = 2.272290D-01
      MDL_CPQMI = 5.611200D-01
      MDL_CPQ3I = 9.550030D-01
      MDL_CPQ3 = 8.601340D-01
      MDL_CPQM = 8.129800D-02
      MDL_CPU = 9.439940D-01
      MDL_CPT = 5.493600D-02
      MDL_CPD = 3.830320D-01
      MDL_CTP = 9.856160D-01
      MDL_CTZ = 1.601190D-01
      MDL_CTW = 4.395630D-01
      MDL_CTG = 7.000000D-01
      MDL_CQQ83 = 9.000000D+00
      MDL_CQQ81 = 7.000000D+00
      MDL_CQU8 = 9.500000D+00
      MDL_CTQ8 = 7.000000D+00
      MDL_CQD8 = 1.200000D+01
      MDL_CTU8 = 9.000000D+00
      MDL_CTD8 = 1.240000D+01
      MDL_CQQ13 = 4.100000D+00
      MDL_CQQ11 = 4.200000D+00
      MDL_CQU1 = 5.500000D+00
      MDL_CTQ1 = 4.400000D+00
      MDL_CQD1 = 7.000000D+00
      MDL_CTU1 = 5.400000D+00
      MDL_CTD1 = 7.000000D+00
      MDL_CQQ8 = 9.016670D-01
      MDL_CQQ1 = 7.213620D-01
      MDL_CQT1 = 5.412590D-01
      MDL_CTT1 = 9.557010D-01
      MDL_CQT8 = 5.513810D-01
      MDL_CQLM1 = 5.561560D-01
      MDL_CQLM2 = 7.427670D-01
      MDL_CQL31 = 1.768400D-01
      MDL_CQL32 = 4.711390D-01
      MDL_CQE1 = 2.848720D-01
      MDL_CQE2 = 1.651090D-01
      MDL_CTL1 = 4.442370D-01
      MDL_CTL2 = 9.030600D-02
      MDL_CTE1 = 3.331180D-01
      MDL_CTE2 = 2.955370D-01
      MDL_CQLM3 = 5.830660D-01
      MDL_CQL33 = 1.026250D-01
      MDL_CQE3 = 2.236710D-01
      MDL_CTL3 = 2.333750D-01
      MDL_CTE3 = 5.983780D-01
      MDL_CTLS3 = 9.608160D-01
      MDL_CTLT3 = 6.126880D-01
      MDL_CBLS3 = 7.003320D-01
      MDL_CLL1111 = 5.600930D-01
      MDL_CLL2222 = 2.672160D-01
      MDL_CLL3333 = 5.098470D-01
      MDL_CLL1122 = 1.704900D-02
      MDL_CLL1133 = 3.745970D-01
      MDL_CLL2233 = 5.648600D-01
      MDL_CLL1221 = 9.354350D-01
      MDL_CLL1331 = 9.492320D-01
      MDL_CLL2332 = 1.990830D-01
      MDL_MUEFT = 9.118000D+01
      MDL_GF = 1.166370D-05
      AS = 1.184000D-01
      MDL_YMT = 1.725000D+02
      MDL_MZ = 9.118760D+01
      MDL_MW = 7.982440D+01
      MDL_MT = 1.725000D+02
      MDL_MH = 1.250000D+02
      MDL_WZ = 2.416023D+00
      MDL_WW = 2.002950D+00
      MDL_WT = 1.470800D+00
      MDL_WH = 4.088000D-03
